{
 "cells": [
  {
   "cell_type": "code",
   "execution_count": null,
   "metadata": {},
   "outputs": [],
   "source": [
    "# Import from meg_qc, relative to the path of this file\n",
    "\n",
    "# add meg_qc module to the path\n",
    "\n",
    "from meg_qc.meg_qc_pipeline import make_derivative_meg_qc\n",
    "\n",
    "config_file_path = 'meg_qc/settings.ini'\n",
    "raw, raw_cropped_filtered_resampled, QC_derivs, QC_simple, df_head_pos, head_pos, scores_muscle_all1, scores_muscle_all2, scores_muscle_all3, raw1, raw2, raw3 = make_derivative_meg_qc(config_file_path)\n"
   ]
  },
  {
   "cell_type": "code",
   "execution_count": null,
   "metadata": {},
   "outputs": [],
   "source": [
    "import mne\n",
    "import matplotlib.pyplot as plt\n",
    "\n",
    "raw = mne.io.read_raw_fif('/Volumes/M2_DATA/MEG_QC_stuff/data/from Jochem/LeerraumAarhus2017/sub-emptyroom/meg/sub-emptyroom_task-Aarhus_meg.fif', preload=True)\n",
    "\n",
    "\n",
    "mne.viz.plot_sensors(raw.info, kind='topomap', ch_type='grad', show_names=True, ch_groups='position')\n"
   ]
  },
  {
   "cell_type": "code",
   "execution_count": 2,
   "metadata": {},
   "outputs": [
    {
     "name": "stdout",
     "output_type": "stream",
     "text": [
      "Opening raw data file /Volumes/M2_DATA/MEG_QC_stuff/data/from Jochem/LeerraumAarhus2017/sub-emptyroom/meg/sub-emptyroom_task-Aarhus_meg.fif...\n",
      "Isotrak not found\n",
      "    Read a total of 8 projection items:\n",
      "        grad3v_ssp3.fif : PCA-v1 (1 x 306)  idle\n",
      "        grad3v_ssp3.fif : PCA-v2 (1 x 306)  idle\n",
      "        grad3v_ssp3.fif : PCA-v3 (1 x 306)  idle\n",
      "        mag5v_ssp3.fif : PCA-v1 (1 x 306)  idle\n",
      "        mag5v_ssp3.fif : PCA-v2 (1 x 306)  idle\n",
      "        mag5v_ssp3.fif : PCA-v3 (1 x 306)  idle\n",
      "        mag5v_ssp3.fif : PCA-v4 (1 x 306)  idle\n",
      "        mag5v_ssp3.fif : PCA-v5 (1 x 306)  idle\n",
      "    Range : 5000 ... 125999 =      5.000 ...   125.999 secs\n",
      "Ready.\n",
      "Reading 0 ... 120999  =      0.000 ...   120.999 secs...\n",
      "102 [array([-0.1066    ,  0.0464    , -0.0604    , -0.0127    ,  0.0057    ,\n",
      "       -0.99990302, -0.186801  , -0.98240298, -0.0033    , -0.98232698,\n",
      "        0.18674099,  0.013541  ]), array([-0.102     ,  0.0631    , -0.0256    ,  0.0136    ,  0.0011    ,\n",
      "       -0.99990201, -0.28200099, -0.95940202, -0.0049    , -0.95931298,\n",
      "        0.28203899, -0.012738  ]), array([-0.1085    ,  0.0302    , -0.0266    ,  0.0026    ,  0.0023    ,\n",
      "       -0.999955  , -0.095196  , -0.99545598, -0.0025    , -0.995417  ,\n",
      "        0.095198  , -0.002369  ]), array([-0.1099    ,  0.0131    , -0.0627    , -0.0123    ,  0.0018    ,\n",
      "       -0.99992299, -0.0212    , -0.99982297, -0.0016    , -0.99974799,\n",
      "        0.021179  ,  0.012336  ]), array([-0.1074    ,  0.0329    ,  0.008     , -0.051198  ,  0.0077    ,\n",
      "       -0.99865901, -0.101496  , -0.99475902, -0.0025    , -0.99344403,\n",
      "        0.101232  ,  0.051711  ]), array([-0.0989    ,  0.0403    ,  0.0413    , -0.34320599,  0.059801  ,\n",
      "       -0.937415  , -0.16180301, -0.98681599, -0.0037    , -0.92527801,\n",
      "        0.150406  ,  0.34835699]), array([-0.1011    ,  0.0044    ,  0.0408    , -0.35210299,  0.0087    ,\n",
      "       -0.93590802,  0.0378    , -0.99900901, -0.0235    , -0.93518502,\n",
      "       -0.043652  ,  0.35142499]), array([-0.1083    , -0.0011    ,  0.0071    , -0.067199  , -0.0104    ,\n",
      "       -0.99768502,  0.084999  , -0.99638599,  0.0047    , -0.99412799,\n",
      "       -0.084486  ,  0.06784   ]), array([-0.0861    ,  0.0988    ,  0.009     , -0.035199  ,  0.118196  ,\n",
      "       -0.99236602, -0.48358399, -0.87097001, -0.086597  , -0.87455702,\n",
      "        0.47684401,  0.087815  ]), array([-0.0887    ,  0.0757    ,  0.0412    , -0.351594  ,  0.118898  ,\n",
      "       -0.92858398, -0.370994  , -0.92838401,  0.0216    , -0.85951501,\n",
      "        0.35209301,  0.370525  ]), array([-0.0702    ,  0.0758    ,  0.0707    , -0.59424001,  0.228816  ,\n",
      "       -0.771052  , -0.385726  , -0.92236298,  0.023502  , -0.70581198,\n",
      "        0.31138101,  0.636365  ]), array([-0.1003    ,  0.0659    ,  0.0081    , -0.065802  ,  0.024701  ,\n",
      "       -0.997527  , -0.28830799, -0.95752603, -0.0047    , -0.95527399,\n",
      "        0.28728601,  0.070128  ]), array([-0.0808    ,  0.0413    ,  0.072     , -0.64212602,  0.049002  ,\n",
      "       -0.76503098, -0.13570599, -0.98953998,  0.050502  , -0.75455499,\n",
      "        0.13624801,  0.64205998]), array([-0.0526    ,  0.0406    ,  0.0952    , -0.87497002, -0.019699  ,\n",
      "       -0.48378301, -0.054998  , -0.988666  ,  0.139695  , -0.48105201,\n",
      "        0.148836  ,  0.86396998]), array([-0.0537    ,  0.0059    ,  0.0969    , -0.87026697, -0.017799  ,\n",
      "       -0.49208099,  0.028999  , -0.99946201, -0.015299  , -0.49154499,\n",
      "       -0.027584  ,  0.87031502]), array([-0.0829    ,  0.0062    ,  0.0728    , -0.64731598,  0.0021    ,\n",
      "       -0.76221901,  0.043201  , -0.99832499, -0.039401  , -0.76102501,\n",
      "       -0.058434  ,  0.64614099]), array([-0.0637    ,  0.12540001,  0.0136    ,  0.0194    ,  0.21690001,\n",
      "       -0.97600102, -0.78350103, -0.603001  , -0.1496    , -0.62097698,\n",
      "        0.7676    ,  0.158243  ]), array([-0.0332    ,  0.1397    ,  0.0174    ,  0.0106    ,  0.218707  ,\n",
      "       -0.97573298, -0.95703202, -0.280709  , -0.073302  , -0.289929  ,\n",
      "        0.93458498,  0.20633399]), array([-0.0337    ,  0.1274    ,  0.0485    , -0.052299  ,  0.470092  ,\n",
      "       -0.88108402, -0.962183  , -0.259895  , -0.081599  , -0.267349  ,\n",
      "        0.84349698,  0.46590701]), array([-0.0672    ,  0.1089    ,  0.0443    , -0.17119101,  0.37777999,\n",
      "       -0.90985203, -0.70996302, -0.68766397, -0.15189201, -0.68305498,\n",
      "        0.619959  ,  0.385932  ]), array([-0.0358    ,  0.1048    ,  0.075     , -0.0095    ,  0.77080297,\n",
      "       -0.637003  , -0.95460403, -0.196601  , -0.223701  , -0.297665  ,\n",
      "        0.60596001,  0.737679  ]), array([ 9.99999975e-05,  7.75000006e-02,  9.66999978e-02,  1.99999995e-04,\n",
      "        9.17699993e-01, -3.97399992e-01, -1.00000000e+00,  3.99999990e-04,\n",
      "        1.99999995e-04,  3.42000014e-04,  3.97399992e-01,  9.17699993e-01]), array([-0.0184    ,  0.044     ,  0.1063    ,  0.0067    ,  0.98366302,\n",
      "       -0.179893  , -0.99006301, -0.018599  , -0.13909499, -0.140168  ,\n",
      "        0.179038  ,  0.973764  ]), array([-0.0368    ,  0.0753    ,  0.0922    , -0.025099  ,  0.89645898,\n",
      "       -0.44238001, -0.95085698, -0.157993  , -0.26628801, -0.30860901,\n",
      "        0.413957  ,  0.85636997]), array([-0.0185    ,  0.0105    ,  0.1096    , -0.990008  , -0.012     ,\n",
      "       -0.14050101,  0.0137    , -0.99980801, -0.0114    , -0.14033701,\n",
      "       -0.013211  ,  0.98998201]), array([ 0.0186    ,  0.0105    ,  0.1096    ,  0.98875201, -0.0072    ,\n",
      "       -0.14939301,  0.0011    ,  0.99915099, -0.040798  ,  0.14956   ,\n",
      "        0.040175  ,  0.987921  ]), array([ 0.0186    , -0.0233    ,  0.1059    , -0.0366    , -0.97030503,\n",
      "       -0.23910099,  0.98720503,  0.0021    , -0.159701  ,  0.155461  ,\n",
      "       -0.241887  ,  0.95781201]), array([-0.0185    , -0.0237    ,  0.1058    ,  0.039398  , -0.96975303,\n",
      "       -0.240888  ,  0.99285197,  0.010799  ,  0.118594  , -0.112406  ,\n",
      "       -0.243839  ,  0.96324599]), array([ 9.99999975e-05,  1.44500002e-01,  1.86999999e-02, -3.00000014e-04,\n",
      "        2.51700997e-01, -9.67805028e-01, -9.99904990e-01, -1.20999999e-02,\n",
      "       -2.79999990e-03, -1.24150002e-02,  9.67711985e-01,  2.51681000e-01]), array([ 9.99999975e-05,  1.31600007e-01,  5.00000007e-02,  6.99999975e-04,\n",
      "        4.99199986e-01, -8.66500020e-01, -1.00000000e+00,  8.99999985e-04,\n",
      "       -1.99999995e-04,  6.79999997e-04,  8.66500020e-01,  4.99199986e-01]), array([ 0.0331    ,  0.1397    ,  0.0173    , -0.0053    ,  0.236504  ,\n",
      "       -0.97161603, -0.96471602,  0.25480399,  0.067301  ,  0.26348901,\n",
      "        0.93769002,  0.226809  ]), array([ 0.0638    ,  0.12530001,  0.0135    , -0.022801  ,  0.216906  ,\n",
      "       -0.97592598, -0.79242098,  0.59131598,  0.150004  ,  0.60961699,\n",
      "        0.77676499,  0.158398  ]), array([ 0.0671    ,  0.1088    ,  0.0444    ,  0.174311  ,  0.37642401,\n",
      "       -0.909958  , -0.70964497,  0.68864399,  0.148909  ,  0.68269002,\n",
      "        0.61979002,  0.38716501]), array([ 0.0338    ,  0.12729999,  0.0486    ,  0.055602  ,  0.468914  ,\n",
      "       -0.88152701, -0.96152902,  0.263008  ,  0.079302  ,  0.26903501,\n",
      "        0.84320402,  0.465498  ]), array([ 9.99999975e-05,  1.09300002e-01,  7.71000013e-02,  8.99999985e-04,\n",
      "        7.59320021e-01, -6.50717020e-01, -9.99826014e-01, -1.37999998e-02,\n",
      "       -1.74000002e-02, -2.21929997e-02,  6.50619984e-01,  7.59175003e-01]), array([ 0.0358    ,  0.1048    ,  0.075     ,  0.0068    ,  0.76823598,\n",
      "       -0.64012998, -0.964046  ,  0.175308  ,  0.200109  ,  0.26595101,\n",
      "        0.61575401,  0.74180698]), array([ 0.0368    ,  0.0752    ,  0.0923    ,  0.029199  ,  0.89598203,\n",
      "       -0.44299099, -0.95098001,  0.161397  ,  0.26379499,  0.307852  ,\n",
      "        0.413573  ,  0.85677397]), array([ 0.0184    ,  0.0442    ,  0.1062    , -0.013699  ,  0.97966099,\n",
      "       -0.200192  , -0.99316001,  0.0099    ,  0.116395  ,  0.11601   ,\n",
      "        0.200417  ,  0.97282499]), array([ 0.0525    ,  0.0406    ,  0.0953    ,  0.87576097, -0.017599  ,\n",
      "       -0.48237899, -0.056398  ,  0.988756  , -0.138494  ,  0.47939199,\n",
      "        0.14849301,  0.86492199]), array([ 0.0809    ,  0.0413    ,  0.0721    ,  0.64386702,  0.052097  ,\n",
      "       -0.76336098, -0.171791  ,  0.98194999, -0.077896  ,  0.745525  ,\n",
      "        0.18129399,  0.64119601]), array([ 8.28000009e-02,  6.09999988e-03,  7.28000030e-02,  6.45313978e-01,\n",
      "        6.00000028e-04, -7.63917029e-01,  1.10999998e-02,  9.99921978e-01,\n",
      "        1.02000004e-02,  7.63863981e-01, -1.50619997e-02,  6.45256996e-01]), array([ 0.0535    ,  0.0062    ,  0.097     ,  0.87129498, -0.0183    ,\n",
      "       -0.49039701,  0.0287    ,  0.99949402,  0.0137    ,  0.489898  ,\n",
      "       -0.026011  ,  0.87137902]), array([ 0.0862    ,  0.0986    ,  0.0089    ,  0.046901  ,  0.120402  ,\n",
      "       -0.99161702, -0.50200802,  0.86111498,  0.080801  ,  0.86362398,\n",
      "        0.49401   ,  0.10083   ]), array([ 0.1003    ,  0.066     ,  0.0082    ,  0.067403  ,  0.027601  ,\n",
      "       -0.99734402, -0.315514  ,  0.94894201,  0.005     ,  0.94655901,\n",
      "        0.31433901,  0.07267   ]), array([ 0.0887    ,  0.0757    ,  0.0412    ,  0.35179999,  0.119     ,\n",
      "       -0.92849898, -0.3712    ,  0.92829901, -0.0217    ,  0.85934299,\n",
      "        0.35229301,  0.37074801]), array([ 0.0699    ,  0.0758    ,  0.0709    ,  0.61262101,  0.238208  ,\n",
      "       -0.75362599, -0.42581499,  0.90283102, -0.060702  ,  0.66593701,\n",
      "        0.35809201,  0.654526  ]), array([ 0.0989    ,  0.0404    ,  0.0413    ,  0.343005  ,  0.060601  ,\n",
      "       -0.93741399, -0.162403  ,  0.98671502,  0.0043    ,  0.92522198,\n",
      "        0.150764  ,  0.34829   ]), array([ 0.1074    ,  0.0329    ,  0.0081    ,  0.062598  ,  0.0114    ,\n",
      "       -0.99797398, -0.12959699,  0.99157399,  0.0032    ,  0.98960102,\n",
      "        0.129134  ,  0.063548  ]), array([ 1.08300000e-01, -1.09999999e-03,  6.80000009e-03,  5.09000011e-02,\n",
      "       -2.30000005e-03, -9.98700976e-01,  6.01000004e-02,  9.98201013e-01,\n",
      "        7.99999980e-04,  9.96903002e-01, -6.00630008e-02,  5.09469993e-02]), array([ 0.101     ,  0.0044    ,  0.041     ,  0.35300401,  0.0078    ,\n",
      "       -0.93561101,  0.0382    ,  0.99901199,  0.0227    ,  0.93486398,\n",
      "       -0.043754  ,  0.35235801]), array([ 0.102     ,  0.063     , -0.026     , -0.014301  ,  0.0035    ,\n",
      "       -0.99994802, -0.28111401,  0.95964599,  0.0074    ,  0.95962203,\n",
      "        0.281205  , -0.01274   ]), array([ 0.1065    ,  0.0469    , -0.06      ,  0.012     ,  0.0083    ,\n",
      "       -0.99989402, -0.179699  ,  0.98369402,  0.006     ,  0.983639  ,\n",
      "        0.179608  ,  0.013296  ]), array([ 0.1098    ,  0.0131    , -0.0622    ,  0.0124    ,  0.0044    ,\n",
      "       -0.99991298, -0.0128    ,  0.99991298,  0.0042    ,  0.99984503,\n",
      "        0.012747  ,  0.012455  ]), array([ 0.1083    ,  0.0301    , -0.0262    , -0.0099    ,  0.0041    ,\n",
      "       -0.999888  , -0.095799  ,  0.99538797,  0.0051    ,  0.99529701,\n",
      "        0.095839  , -0.009461  ]), array([-1.08800001e-01, -3.19999992e-03, -2.84000002e-02,  2.05990002e-02,\n",
      "        7.99999980e-04, -9.99770999e-01,  8.02979991e-02, -9.96770978e-01,\n",
      "        7.99999980e-04, -9.96541023e-01, -8.02960023e-02, -2.05969997e-02]), array([-0.1017    , -0.036     , -0.0281    ,  0.028399  ,  0.0029    ,\n",
      "       -0.99957502,  0.34089199, -0.94007701,  0.007     , -0.93965697,\n",
      "       -0.34094501, -0.027686  ]), array([-9.51000005e-02, -5.24000004e-02, -6.23000003e-02, -1.46000003e-02,\n",
      "        6.00000028e-04, -9.99893010e-01,  4.65496987e-01, -8.84993970e-01,\n",
      "       -7.30000017e-03, -8.84904027e-01, -4.65553999e-01,  1.26419999e-02]), array([-0.1068    , -0.0205    , -0.0625    , -0.0135    ,  0.0018    ,\n",
      "       -0.99990702,  0.201801  , -0.97940701, -0.0045    , -0.97932398,\n",
      "       -0.20184401,  0.012859  ]), array([-0.1017    , -0.0339    ,  0.0056    , -0.068397  , -0.031599  ,\n",
      "       -0.99715799,  0.340386  , -0.94025999,  0.0065    , -0.93779302,\n",
      "       -0.338974  ,  0.075067  ]), array([-0.0952    , -0.0308    ,  0.0391    , -0.325001  , -0.0583    ,\n",
      "       -0.94390202,  0.30890101, -0.949902  , -0.0476    , -0.89384001,\n",
      "       -0.307042  ,  0.32672799]), array([-0.0781    , -0.0628    ,  0.0394    , -0.26179901, -0.201399  ,\n",
      "       -0.94389701,  0.59689802, -0.802297  ,  0.0056    , -0.75841397,\n",
      "       -0.56194401,  0.33025599]), array([-0.0866    , -0.064     ,  0.0055    , -0.060699  , -0.048399  ,\n",
      "       -0.99698198,  0.57029003, -0.82138503,  0.0051    , -0.81915301,\n",
      "       -0.568259  ,  0.077459  ]), array([-0.0758    , -0.0797    , -0.0621    , -0.        , -0.0153    ,\n",
      "       -0.999883  ,  0.67818803, -0.73478699,  0.0112    , -0.734873  ,\n",
      "       -0.67810899,  0.010376  ]), array([-0.0861    , -0.066     , -0.0282    ,  0.022801  ,  0.0094    ,\n",
      "       -0.99972701,  0.571015  , -0.82092202,  0.0053    , -0.82064801,\n",
      "       -0.57098001, -0.024085  ]), array([-6.31999969e-02, -9.04999971e-02, -2.77999993e-02,  1.60000008e-02,\n",
      "        2.35009994e-02, -9.99624014e-01,  8.07318985e-01, -5.90113997e-01,\n",
      "       -8.99999985e-04, -5.89913011e-01, -8.07000995e-01, -2.84150001e-02]), array([-0.0489    , -0.0994    , -0.0621    , -0.0088    , -0.0094    ,\n",
      "       -0.99991697,  0.89591497, -0.44430801, -0.0037    , -0.44423601,\n",
      "       -0.89587402,  0.012332  ]), array([-0.0786    , -0.0287    ,  0.0696    , -0.61750299, -0.0409    ,\n",
      "       -0.78550398,  0.249001  , -0.95750499, -0.14590099, -0.74615699,\n",
      "       -0.28568599,  0.60144699]), array([-0.0518    , -0.0277    ,  0.0927    , -0.85911602,  0.0253    ,\n",
      "       -0.51120901,  0.109902  , -0.96631801, -0.232704  , -0.49987799,\n",
      "       -0.25610301,  0.82739902]), array([-0.0181    , -0.0542    ,  0.0923    ,  0.070502  , -0.84182203,\n",
      "       -0.53521401,  0.98912603, -0.0104    ,  0.146704  , -0.12906501,\n",
      "       -0.53973699,  0.83193499]), array([-0.0552    , -0.0627    ,  0.0707    , -0.38390499, -0.49980599,\n",
      "       -0.77640897,  0.785209  , -0.61910701,  0.0103    , -0.485829  ,\n",
      "       -0.60568899,  0.63012999]), array([-0.0513    , -0.0861    ,  0.0397    , -0.154503  , -0.30120599,\n",
      "       -0.94092   ,  0.88021898, -0.47451001,  0.0074    , -0.44870499,\n",
      "       -0.82707202,  0.33844101]), array([-0.0335    , -0.1033    ,  0.0062    , -0.0447    , -0.1424    ,\n",
      "       -0.98879898,  0.95929903, -0.28240001, -0.0027    , -0.27885199,\n",
      "       -0.94867498,  0.14922699]), array([-3.31000015e-02, -1.05099998e-01, -2.77999993e-02,  7.89999962e-03,\n",
      "        2.24009994e-02, -9.99723017e-01,  9.51222003e-01, -3.08506995e-01,\n",
      "        6.00000028e-04, -3.08407992e-01, -9.50963020e-01, -2.37450004e-02]), array([-0.0636    , -0.0884    ,  0.006     , -0.064102  , -0.086003  ,\n",
      "       -0.99423099,  0.80972499, -0.58681798, -0.0014    , -0.58331198,\n",
      "       -0.805143  ,  0.107255  ]), array([-0.0186    , -0.0801    ,  0.069     , -0.0013    , -0.622289  ,\n",
      "       -0.78278601,  0.99278301, -0.094798  ,  0.073699  , -0.120069  ,\n",
      "       -0.77704102,  0.61792099]), array([ 1.86000001e-02, -8.02000016e-02,  6.88999966e-02,  1.99999995e-04,\n",
      "       -6.20001018e-01, -7.84600973e-01,  9.86600995e-01,  1.28299996e-01,\n",
      "       -1.01099998e-01,  1.63347006e-01, -7.74067998e-01,  6.11719012e-01]), array([ 1.68999992e-02, -9.71999988e-02,  3.97000015e-02, -3.00000014e-04,\n",
      "       -3.72909993e-01, -9.27926004e-01,  9.90028024e-01,  1.30603999e-01,\n",
      "       -5.28010018e-02,  1.40881002e-01, -9.18687999e-01,  3.69152009e-01]), array([-1.70000009e-02, -9.71999988e-02,  3.97000015e-02, -5.00000024e-04,\n",
      "       -3.73789012e-01, -9.27473009e-01,  9.89970982e-01, -1.31196007e-01,\n",
      "        5.23979999e-02, -1.41267002e-01, -9.18145001e-01,  3.70106012e-01]), array([ 0.00000000e+00, -1.08599998e-01,  7.00000022e-03, -9.99999975e-05,\n",
      "       -1.68403000e-01, -9.85718012e-01,  9.99818981e-01,  2.04000007e-02,\n",
      "       -3.59999994e-03,  2.07150001e-02, -9.85539973e-01,  1.68371007e-01]), array([ 0.00000000e+00, -1.10600002e-01, -2.74999999e-02,  0.00000000e+00,\n",
      "        4.06999998e-02, -9.99199986e-01,  1.00000000e+00, -3.99999990e-04,\n",
      "       -0.00000000e+00, -3.99999990e-04, -9.99199986e-01, -4.06999998e-02]), array([ 0.017     , -0.1098    , -0.0618    ,  0.0092    , -0.0108    ,\n",
      "       -0.99989903,  0.98549902,  0.16949999,  0.0073    ,  0.169404  ,\n",
      "       -0.98546702,  0.012203  ]), array([-0.0171    , -0.1098    , -0.0619    , -0.0062    , -0.0122    ,\n",
      "       -0.999906  ,  0.98270601, -0.185001  , -0.0038    , -0.184937  ,\n",
      "       -0.982638  ,  0.013136  ]), array([ 0.0517    , -0.0276    ,  0.0928    ,  0.85996199,  0.026999  ,\n",
      "       -0.50957698,  0.107595  ,  0.96655703,  0.23278999,  0.49882001,\n",
      "       -0.255018  ,  0.82829702]), array([ 0.0786    , -0.0284    ,  0.0698    ,  0.627473  , -0.042698  ,\n",
      "       -0.77746701,  0.22329   ,  0.96635902,  0.127195  ,  0.74588102,\n",
      "       -0.25341201,  0.61589801]), array([ 0.0553    , -0.0628    ,  0.0706    ,  0.37769401, -0.493292  ,\n",
      "       -0.78358799,  0.75938803,  0.64919001, -0.042699  ,  0.52976102,\n",
      "       -0.57892001,  0.61979598]), array([ 0.0182    , -0.0542    ,  0.0922    , -0.069799  , -0.84168798,\n",
      "       -0.53539199,  0.98908597,  0.0114    , -0.146898  ,  0.129746  ,\n",
      "       -0.53980303,  0.83170599]), array([ 0.0513    , -0.0861    ,  0.0397    ,  0.153007  , -0.30221301,\n",
      "       -0.94094002,  0.88073802,  0.47352001, -0.0089    ,  0.44824401,\n",
      "       -0.82735997,  0.338622  ]), array([ 0.0637    , -0.0884    ,  0.0062    ,  0.056398  , -0.071297  ,\n",
      "       -0.99585998,  0.79866701,  0.601776  ,  0.0022    ,  0.59912699,\n",
      "       -0.79548502,  0.090881  ]), array([ 0.033     , -0.1051    , -0.0277    , -0.0049    ,  0.0233    ,\n",
      "       -0.99971497,  0.95141399,  0.30790499,  0.0025    ,  0.30787501,\n",
      "       -0.95112997, -0.023677  ]), array([ 3.33000012e-02, -1.03399999e-01,  6.30000001e-03,  4.14999984e-02,\n",
      "       -1.23300001e-01, -9.91500974e-01,  9.48001027e-01,  3.18300009e-01,\n",
      "        9.99999975e-05,  3.15582991e-01, -9.39948976e-01,  1.30098000e-01]), array([ 0.0952    , -0.0306    ,  0.0392    ,  0.32399899, -0.0636    ,\n",
      "       -0.94389701,  0.30909899,  0.95009798,  0.0421    ,  0.894117  ,\n",
      "       -0.30539799,  0.32748899]), array([ 0.1017    , -0.0338    ,  0.0058    ,  0.066101  , -0.0283    ,\n",
      "       -0.99741203,  0.314004  ,  0.94941097, -0.0061    ,  0.94712597,\n",
      "       -0.31278801,  0.071643  ]), array([ 0.0866    , -0.0639    ,  0.0056    ,  0.060099  , -0.044799  ,\n",
      "       -0.99718702,  0.54929298,  0.83558899, -0.0044    ,  0.833435  ,\n",
      "       -0.54748303,  0.074826  ]), array([ 0.0781    , -0.0629    ,  0.0394    ,  0.259507  , -0.20350499,\n",
      "       -0.944125  ,  0.59871602,  0.80092102, -0.008     ,  0.75779802,\n",
      "       -0.563187  ,  0.329687  ]), array([ 0.063     , -0.0906    , -0.0276    , -0.0136    ,  0.0252    ,\n",
      "       -0.99959803,  0.80819798,  0.58889902,  0.0038    ,  0.58875698,\n",
      "       -0.80782098, -0.028376  ]), array([ 0.0861    , -0.0661    , -0.028     , -0.021299  ,  0.0117    ,\n",
      "       -0.99967301,  0.57138503,  0.820678  , -0.0026    ,  0.82037997,\n",
      "       -0.57125401, -0.024165  ]), array([ 7.56999999e-02, -7.98000023e-02, -6.19999990e-02,  1.42999999e-02,\n",
      "       -8.99999985e-04, -9.99897003e-01,  6.90797985e-01,  7.22998023e-01,\n",
      "        9.30000003e-03,  7.22916007e-01, -6.90859973e-01,  1.09609999e-02]), array([ 0.0488    , -0.0994    , -0.0621    ,  0.011     , -0.007     ,\n",
      "       -0.999915  ,  0.903014  ,  0.42970601,  0.007     ,  0.42962101,\n",
      "       -0.903014  ,  0.011048  ]), array([ 0.1087    , -0.0033    , -0.028     , -0.0205    ,  0.0034    ,\n",
      "       -0.99981302,  0.081001  ,  0.99671298,  0.0017    ,  0.99653202,\n",
      "       -0.080951  , -0.020708  ]), array([ 0.1068    , -0.0206    , -0.0621    ,  0.0131    ,  0.0045    ,\n",
      "       -0.99990398,  0.215701  ,  0.97640401,  0.0072    ,  0.97634298,\n",
      "       -0.215775  ,  0.01182   ]), array([ 0.0951    , -0.0524    , -0.062     ,  0.0152    ,  0.0033    ,\n",
      "       -0.999879  ,  0.47659001,  0.87908202,  0.0101    ,  0.87900901,\n",
      "       -0.476686  ,  0.011789  ]), array([ 0.1017    , -0.0361    , -0.0278    , -0.027699  ,  0.0053    ,\n",
      "       -0.99957299,  0.34149101,  0.93987399, -0.0045    ,  0.93944901,\n",
      "       -0.34146899, -0.027844  ])]\n",
      "[910 (FIFFV_IAS_CH), 910 (FIFFV_IAS_CH), 910 (FIFFV_IAS_CH), 910 (FIFFV_IAS_CH), 910 (FIFFV_IAS_CH), 910 (FIFFV_IAS_CH), 910 (FIFFV_IAS_CH), 910 (FIFFV_IAS_CH), 910 (FIFFV_IAS_CH), 910 (FIFFV_IAS_CH), 910 (FIFFV_IAS_CH), 1 (FIFFV_MEG_CH), 1 (FIFFV_MEG_CH), 1 (FIFFV_MEG_CH), 1 (FIFFV_MEG_CH), 1 (FIFFV_MEG_CH), 1 (FIFFV_MEG_CH), 1 (FIFFV_MEG_CH), 1 (FIFFV_MEG_CH), 1 (FIFFV_MEG_CH), 1 (FIFFV_MEG_CH), 1 (FIFFV_MEG_CH), 1 (FIFFV_MEG_CH), 1 (FIFFV_MEG_CH), 1 (FIFFV_MEG_CH), 1 (FIFFV_MEG_CH), 1 (FIFFV_MEG_CH), 1 (FIFFV_MEG_CH), 1 (FIFFV_MEG_CH), 1 (FIFFV_MEG_CH), 1 (FIFFV_MEG_CH), 1 (FIFFV_MEG_CH), 1 (FIFFV_MEG_CH), 1 (FIFFV_MEG_CH), 1 (FIFFV_MEG_CH), 1 (FIFFV_MEG_CH), 1 (FIFFV_MEG_CH), 1 (FIFFV_MEG_CH), 1 (FIFFV_MEG_CH), 1 (FIFFV_MEG_CH), 1 (FIFFV_MEG_CH), 1 (FIFFV_MEG_CH), 1 (FIFFV_MEG_CH), 1 (FIFFV_MEG_CH), 1 (FIFFV_MEG_CH), 1 (FIFFV_MEG_CH), 1 (FIFFV_MEG_CH), 1 (FIFFV_MEG_CH), 1 (FIFFV_MEG_CH), 1 (FIFFV_MEG_CH), 1 (FIFFV_MEG_CH), 1 (FIFFV_MEG_CH), 1 (FIFFV_MEG_CH), 1 (FIFFV_MEG_CH), 1 (FIFFV_MEG_CH), 1 (FIFFV_MEG_CH), 1 (FIFFV_MEG_CH), 1 (FIFFV_MEG_CH), 1 (FIFFV_MEG_CH), 1 (FIFFV_MEG_CH), 1 (FIFFV_MEG_CH), 1 (FIFFV_MEG_CH), 1 (FIFFV_MEG_CH), 1 (FIFFV_MEG_CH), 1 (FIFFV_MEG_CH), 1 (FIFFV_MEG_CH), 1 (FIFFV_MEG_CH), 1 (FIFFV_MEG_CH), 1 (FIFFV_MEG_CH), 1 (FIFFV_MEG_CH), 1 (FIFFV_MEG_CH), 1 (FIFFV_MEG_CH), 1 (FIFFV_MEG_CH), 1 (FIFFV_MEG_CH), 1 (FIFFV_MEG_CH), 1 (FIFFV_MEG_CH), 1 (FIFFV_MEG_CH), 1 (FIFFV_MEG_CH), 1 (FIFFV_MEG_CH), 1 (FIFFV_MEG_CH), 1 (FIFFV_MEG_CH), 1 (FIFFV_MEG_CH), 1 (FIFFV_MEG_CH), 1 (FIFFV_MEG_CH), 1 (FIFFV_MEG_CH), 1 (FIFFV_MEG_CH), 1 (FIFFV_MEG_CH), 1 (FIFFV_MEG_CH), 1 (FIFFV_MEG_CH), 1 (FIFFV_MEG_CH), 1 (FIFFV_MEG_CH), 1 (FIFFV_MEG_CH), 1 (FIFFV_MEG_CH), 1 (FIFFV_MEG_CH), 1 (FIFFV_MEG_CH), 1 (FIFFV_MEG_CH), 1 (FIFFV_MEG_CH), 1 (FIFFV_MEG_CH), 1 (FIFFV_MEG_CH), 1 (FIFFV_MEG_CH), 1 (FIFFV_MEG_CH), 1 (FIFFV_MEG_CH), 1 (FIFFV_MEG_CH), 1 (FIFFV_MEG_CH), 1 (FIFFV_MEG_CH), 1 (FIFFV_MEG_CH), 1 (FIFFV_MEG_CH), 1 (FIFFV_MEG_CH), 1 (FIFFV_MEG_CH), 1 (FIFFV_MEG_CH), 1 (FIFFV_MEG_CH), 1 (FIFFV_MEG_CH), 1 (FIFFV_MEG_CH), 1 (FIFFV_MEG_CH), 1 (FIFFV_MEG_CH), 1 (FIFFV_MEG_CH), 1 (FIFFV_MEG_CH), 1 (FIFFV_MEG_CH), 1 (FIFFV_MEG_CH), 1 (FIFFV_MEG_CH), 1 (FIFFV_MEG_CH), 1 (FIFFV_MEG_CH), 1 (FIFFV_MEG_CH), 1 (FIFFV_MEG_CH), 1 (FIFFV_MEG_CH), 1 (FIFFV_MEG_CH), 1 (FIFFV_MEG_CH), 1 (FIFFV_MEG_CH), 1 (FIFFV_MEG_CH), 1 (FIFFV_MEG_CH), 1 (FIFFV_MEG_CH), 1 (FIFFV_MEG_CH), 1 (FIFFV_MEG_CH), 1 (FIFFV_MEG_CH), 1 (FIFFV_MEG_CH), 1 (FIFFV_MEG_CH), 1 (FIFFV_MEG_CH), 1 (FIFFV_MEG_CH), 1 (FIFFV_MEG_CH), 1 (FIFFV_MEG_CH), 1 (FIFFV_MEG_CH), 1 (FIFFV_MEG_CH), 1 (FIFFV_MEG_CH), 1 (FIFFV_MEG_CH), 1 (FIFFV_MEG_CH), 1 (FIFFV_MEG_CH), 1 (FIFFV_MEG_CH), 1 (FIFFV_MEG_CH), 1 (FIFFV_MEG_CH), 1 (FIFFV_MEG_CH), 1 (FIFFV_MEG_CH), 1 (FIFFV_MEG_CH), 1 (FIFFV_MEG_CH), 1 (FIFFV_MEG_CH), 1 (FIFFV_MEG_CH), 1 (FIFFV_MEG_CH), 1 (FIFFV_MEG_CH), 1 (FIFFV_MEG_CH), 1 (FIFFV_MEG_CH), 1 (FIFFV_MEG_CH), 1 (FIFFV_MEG_CH), 1 (FIFFV_MEG_CH), 1 (FIFFV_MEG_CH), 1 (FIFFV_MEG_CH), 1 (FIFFV_MEG_CH), 1 (FIFFV_MEG_CH), 1 (FIFFV_MEG_CH), 1 (FIFFV_MEG_CH), 1 (FIFFV_MEG_CH), 1 (FIFFV_MEG_CH), 1 (FIFFV_MEG_CH), 1 (FIFFV_MEG_CH), 1 (FIFFV_MEG_CH), 1 (FIFFV_MEG_CH), 1 (FIFFV_MEG_CH), 1 (FIFFV_MEG_CH), 1 (FIFFV_MEG_CH), 1 (FIFFV_MEG_CH), 1 (FIFFV_MEG_CH), 1 (FIFFV_MEG_CH), 1 (FIFFV_MEG_CH), 1 (FIFFV_MEG_CH), 1 (FIFFV_MEG_CH), 1 (FIFFV_MEG_CH), 1 (FIFFV_MEG_CH), 1 (FIFFV_MEG_CH), 1 (FIFFV_MEG_CH), 1 (FIFFV_MEG_CH), 1 (FIFFV_MEG_CH), 1 (FIFFV_MEG_CH), 1 (FIFFV_MEG_CH), 1 (FIFFV_MEG_CH), 1 (FIFFV_MEG_CH), 1 (FIFFV_MEG_CH), 1 (FIFFV_MEG_CH), 1 (FIFFV_MEG_CH), 1 (FIFFV_MEG_CH), 1 (FIFFV_MEG_CH), 1 (FIFFV_MEG_CH), 1 (FIFFV_MEG_CH), 1 (FIFFV_MEG_CH), 1 (FIFFV_MEG_CH), 1 (FIFFV_MEG_CH), 1 (FIFFV_MEG_CH), 1 (FIFFV_MEG_CH), 1 (FIFFV_MEG_CH), 1 (FIFFV_MEG_CH), 1 (FIFFV_MEG_CH), 1 (FIFFV_MEG_CH), 1 (FIFFV_MEG_CH), 1 (FIFFV_MEG_CH), 1 (FIFFV_MEG_CH), 1 (FIFFV_MEG_CH), 1 (FIFFV_MEG_CH), 1 (FIFFV_MEG_CH), 1 (FIFFV_MEG_CH), 1 (FIFFV_MEG_CH), 1 (FIFFV_MEG_CH), 1 (FIFFV_MEG_CH), 1 (FIFFV_MEG_CH), 1 (FIFFV_MEG_CH), 1 (FIFFV_MEG_CH), 1 (FIFFV_MEG_CH), 1 (FIFFV_MEG_CH), 1 (FIFFV_MEG_CH), 1 (FIFFV_MEG_CH), 1 (FIFFV_MEG_CH), 1 (FIFFV_MEG_CH), 1 (FIFFV_MEG_CH), 1 (FIFFV_MEG_CH), 1 (FIFFV_MEG_CH), 1 (FIFFV_MEG_CH), 1 (FIFFV_MEG_CH), 1 (FIFFV_MEG_CH), 1 (FIFFV_MEG_CH), 1 (FIFFV_MEG_CH), 1 (FIFFV_MEG_CH), 1 (FIFFV_MEG_CH), 1 (FIFFV_MEG_CH), 1 (FIFFV_MEG_CH), 1 (FIFFV_MEG_CH), 1 (FIFFV_MEG_CH), 1 (FIFFV_MEG_CH), 1 (FIFFV_MEG_CH), 1 (FIFFV_MEG_CH), 1 (FIFFV_MEG_CH), 1 (FIFFV_MEG_CH), 1 (FIFFV_MEG_CH), 1 (FIFFV_MEG_CH), 1 (FIFFV_MEG_CH), 1 (FIFFV_MEG_CH), 1 (FIFFV_MEG_CH), 1 (FIFFV_MEG_CH), 1 (FIFFV_MEG_CH), 1 (FIFFV_MEG_CH), 1 (FIFFV_MEG_CH), 1 (FIFFV_MEG_CH), 1 (FIFFV_MEG_CH), 1 (FIFFV_MEG_CH), 1 (FIFFV_MEG_CH), 1 (FIFFV_MEG_CH), 1 (FIFFV_MEG_CH), 1 (FIFFV_MEG_CH), 1 (FIFFV_MEG_CH), 1 (FIFFV_MEG_CH), 1 (FIFFV_MEG_CH), 1 (FIFFV_MEG_CH), 1 (FIFFV_MEG_CH), 1 (FIFFV_MEG_CH), 1 (FIFFV_MEG_CH), 1 (FIFFV_MEG_CH), 1 (FIFFV_MEG_CH), 1 (FIFFV_MEG_CH), 1 (FIFFV_MEG_CH), 1 (FIFFV_MEG_CH), 1 (FIFFV_MEG_CH), 1 (FIFFV_MEG_CH), 1 (FIFFV_MEG_CH), 1 (FIFFV_MEG_CH), 1 (FIFFV_MEG_CH), 1 (FIFFV_MEG_CH), 1 (FIFFV_MEG_CH), 1 (FIFFV_MEG_CH), 1 (FIFFV_MEG_CH), 1 (FIFFV_MEG_CH), 1 (FIFFV_MEG_CH), 1 (FIFFV_MEG_CH), 1 (FIFFV_MEG_CH), 1 (FIFFV_MEG_CH), 1 (FIFFV_MEG_CH), 1 (FIFFV_MEG_CH), 1 (FIFFV_MEG_CH), 1 (FIFFV_MEG_CH), 1 (FIFFV_MEG_CH), 1 (FIFFV_MEG_CH), 1 (FIFFV_MEG_CH), 1 (FIFFV_MEG_CH), 1 (FIFFV_MEG_CH), 1 (FIFFV_MEG_CH), 1 (FIFFV_MEG_CH), 1 (FIFFV_MEG_CH), 1 (FIFFV_MEG_CH), 1 (FIFFV_MEG_CH), 1 (FIFFV_MEG_CH), 1 (FIFFV_MEG_CH), 1 (FIFFV_MEG_CH), 1 (FIFFV_MEG_CH), 1 (FIFFV_MEG_CH), 1 (FIFFV_MEG_CH), 1 (FIFFV_MEG_CH), 1 (FIFFV_MEG_CH), 1 (FIFFV_MEG_CH), 1 (FIFFV_MEG_CH), 1 (FIFFV_MEG_CH), 1 (FIFFV_MEG_CH), 1 (FIFFV_MEG_CH), 1 (FIFFV_MEG_CH), 3 (FIFFV_STIM_CH), 900 (FIFFV_SYST_CH)]\n"
     ]
    },
    {
     "data": {
      "application/vnd.plotly.v1+json": {
       "config": {
        "plotlyServerURL": "https://plot.ly"
       },
       "data": [
        {
         "mode": "markers",
         "text": [
          "MEG0111",
          "MEG0121",
          "MEG0131",
          "MEG0141",
          "MEG0211",
          "MEG0221",
          "MEG0231",
          "MEG0241",
          "MEG0311",
          "MEG0321",
          "MEG0331",
          "MEG0341",
          "MEG0411",
          "MEG0421",
          "MEG0431",
          "MEG0441",
          "MEG0511",
          "MEG0521",
          "MEG0531",
          "MEG0541",
          "MEG0611",
          "MEG0621",
          "MEG0631",
          "MEG0641",
          "MEG0711",
          "MEG0721",
          "MEG0731",
          "MEG0741",
          "MEG0811",
          "MEG0821",
          "MEG0911",
          "MEG0921",
          "MEG0931",
          "MEG0941",
          "MEG1011",
          "MEG1021",
          "MEG1031",
          "MEG1041",
          "MEG1111",
          "MEG1121",
          "MEG1131",
          "MEG1141",
          "MEG1211",
          "MEG1221",
          "MEG1231",
          "MEG1241",
          "MEG1311",
          "MEG1321",
          "MEG1331",
          "MEG1341",
          "MEG1411",
          "MEG1421",
          "MEG1431",
          "MEG1441",
          "MEG1511",
          "MEG1521",
          "MEG1531",
          "MEG1541",
          "MEG1611",
          "MEG1621",
          "MEG1631",
          "MEG1641",
          "MEG1711",
          "MEG1721",
          "MEG1731",
          "MEG1741",
          "MEG1811",
          "MEG1821",
          "MEG1831",
          "MEG1841",
          "MEG1911",
          "MEG1921",
          "MEG1931",
          "MEG1941",
          "MEG2011",
          "MEG2021",
          "MEG2031",
          "MEG2041",
          "MEG2111",
          "MEG2121",
          "MEG2131",
          "MEG2141",
          "MEG2211",
          "MEG2221",
          "MEG2231",
          "MEG2241",
          "MEG2311",
          "MEG2321",
          "MEG2331",
          "MEG2341",
          "MEG2411",
          "MEG2421",
          "MEG2431",
          "MEG2441",
          "MEG2511",
          "MEG2521",
          "MEG2531",
          "MEG2541",
          "MEG2611",
          "MEG2621",
          "MEG2631",
          "MEG2641"
         ],
         "type": "scatter",
         "x": [
          -0.10660000145435333,
          -0.10199999809265137,
          -0.10849999636411667,
          -0.10989999771118164,
          -0.10740000009536743,
          -0.09889999777078629,
          -0.10109999775886536,
          -0.10830000042915344,
          -0.08609999716281891,
          -0.08869999647140503,
          -0.07020000368356705,
          -0.10029999911785126,
          -0.08079999685287476,
          -0.05260000005364418,
          -0.053700000047683716,
          -0.08290000259876251,
          -0.06369999796152115,
          -0.03319999948143959,
          -0.03370000049471855,
          -0.06719999760389328,
          -0.03579999879002571,
          0.00009999999747378752,
          -0.018400000408291817,
          -0.03680000081658363,
          -0.01850000023841858,
          0.01860000006854534,
          0.01860000006854534,
          -0.01850000023841858,
          0.00009999999747378752,
          0.00009999999747378752,
          0.03310000151395798,
          0.06379999965429306,
          0.06710000336170197,
          0.033799998462200165,
          0.00009999999747378752,
          0.03579999879002571,
          0.03680000081658363,
          0.018400000408291817,
          0.05249999836087227,
          0.08089999854564667,
          0.0828000009059906,
          0.05350000038743019,
          0.08619999885559082,
          0.10029999911785126,
          0.08869999647140503,
          0.06989999860525131,
          0.09889999777078629,
          0.10740000009536743,
          0.10830000042915344,
          0.10100000351667404,
          0.10199999809265137,
          0.10649999976158142,
          0.10980000346899033,
          0.10830000042915344,
          -0.1088000014424324,
          -0.10170000046491623,
          -0.09510000050067902,
          -0.10679999738931656,
          -0.10170000046491623,
          -0.09520000219345093,
          -0.07810000330209732,
          -0.08659999817609787,
          -0.07580000162124634,
          -0.08609999716281891,
          -0.06319999694824219,
          -0.048900000751018524,
          -0.07859999686479568,
          -0.05180000141263008,
          -0.01810000091791153,
          -0.0551999993622303,
          -0.05130000039935112,
          -0.03350000083446503,
          -0.03310000151395798,
          -0.06360000371932983,
          -0.01860000006854534,
          0.01860000006854534,
          0.016899999231100082,
          -0.017000000923871994,
          0,
          0,
          0.017000000923871994,
          -0.017100000753998756,
          0.05169999971985817,
          0.07859999686479568,
          0.05530000105500221,
          0.018200000748038292,
          0.05130000039935112,
          0.06369999796152115,
          0.032999999821186066,
          0.0333000011742115,
          0.09520000219345093,
          0.10170000046491623,
          0.08659999817609787,
          0.07810000330209732,
          0.06300000101327896,
          0.08609999716281891,
          0.07569999992847443,
          0.04879999905824661,
          0.10869999974966049,
          0.10679999738931656,
          0.09510000050067902,
          0.10170000046491623
         ],
         "y": [
          0.04639999940991402,
          0.06310000270605087,
          0.03020000085234642,
          0.013100000098347664,
          0.03290000185370445,
          0.040300000458955765,
          0.004399999976158142,
          -0.0010999999940395355,
          0.09880000352859497,
          0.07569999992847443,
          0.07580000162124634,
          0.06589999794960022,
          0.04129999876022339,
          0.0406000018119812,
          0.005900000222027302,
          0.006200000178068876,
          0.12540000677108765,
          0.1396999955177307,
          0.1273999959230423,
          0.10890000313520432,
          0.10480000078678131,
          0.07750000059604645,
          0.04399999976158142,
          0.07530000060796738,
          0.010499999858438969,
          0.010499999858438969,
          -0.02329999953508377,
          -0.02370000071823597,
          0.1445000022649765,
          0.1316000074148178,
          0.1396999955177307,
          0.12530000507831573,
          0.1088000014424324,
          0.12729999423027039,
          0.10930000245571136,
          0.10480000078678131,
          0.07519999891519547,
          0.044199999421834946,
          0.0406000018119812,
          0.04129999876022339,
          0.006099999882280827,
          0.006200000178068876,
          0.09860000014305115,
          0.06599999964237213,
          0.07569999992847443,
          0.07580000162124634,
          0.04039999842643738,
          0.03290000185370445,
          -0.0010999999940395355,
          0.004399999976158142,
          0.06300000101327896,
          0.04690000042319298,
          0.013100000098347664,
          0.03009999915957451,
          -0.0031999999191612005,
          -0.035999998450279236,
          -0.052400000393390656,
          -0.020500000566244125,
          -0.033900000154972076,
          -0.030799999833106995,
          -0.06279999762773514,
          -0.06400000303983688,
          -0.07970000058412552,
          -0.06599999964237213,
          -0.09049999713897705,
          -0.09939999878406525,
          -0.028699999675154686,
          -0.027699999511241913,
          -0.05420000106096268,
          -0.06270000338554382,
          -0.08609999716281891,
          -0.10329999774694443,
          -0.10509999841451645,
          -0.08839999884366989,
          -0.08009999990463257,
          -0.08020000159740448,
          -0.09719999879598618,
          -0.09719999879598618,
          -0.10859999805688858,
          -0.11060000211000443,
          -0.10980000346899033,
          -0.10980000346899033,
          -0.02759999968111515,
          -0.0284000001847744,
          -0.06279999762773514,
          -0.05420000106096268,
          -0.08609999716281891,
          -0.08839999884366989,
          -0.10509999841451645,
          -0.10339999943971634,
          -0.03060000017285347,
          -0.033799998462200165,
          -0.06390000134706497,
          -0.06289999932050705,
          -0.09059999883174896,
          -0.06610000133514404,
          -0.07980000227689743,
          -0.09939999878406525,
          -0.0032999999821186066,
          -0.020600000396370888,
          -0.052400000393390656,
          -0.03610000014305115
         ]
        }
       ],
       "layout": {
        "autosize": false,
        "height": 1000,
        "shapes": [
         {
          "line": {
           "color": "red",
           "width": 2
          },
          "opacity": 0.5,
          "type": "circle",
          "x0": -0.1,
          "x1": 0.1,
          "xref": "x",
          "y0": -0.1,
          "y1": 0.12,
          "yref": "y"
         },
         {
          "line": {
           "color": "black",
           "width": 2
          },
          "type": "line",
          "x0": [
           0,
           -0.02
          ],
          "xref": "x",
          "y0": [
           0.1,
           0.08
          ],
          "yref": "y"
         },
         {
          "line": {
           "color": "black",
           "width": 2
          },
          "type": "line",
          "x0": [
           0,
           0.02
          ],
          "xref": "x",
          "y0": [
           0.1,
           0.08
          ],
          "yref": "y"
         },
         {
          "line": {
           "color": "black",
           "width": 2
          },
          "type": "line",
          "x0": [
           -0.02,
           0.02
          ],
          "xref": "x",
          "y0": [
           0.08,
           0.08
          ],
          "yref": "y"
         }
        ],
        "template": {
         "data": {
          "bar": [
           {
            "error_x": {
             "color": "#2a3f5f"
            },
            "error_y": {
             "color": "#2a3f5f"
            },
            "marker": {
             "line": {
              "color": "#E5ECF6",
              "width": 0.5
             },
             "pattern": {
              "fillmode": "overlay",
              "size": 10,
              "solidity": 0.2
             }
            },
            "type": "bar"
           }
          ],
